[logo copy.png]
moddate=0000bfd8e7d50000
width=284
height=84
text=4;137;5;North;Arial Narrow Bold;0.326160,0.726614,0.200000,0.000000;v1,4278199381,4286611584,128.000000,1.000000,0.000000,1.000000,400,0,49152;;143;10;University;Arial Narrow Bold;0.469834,0.738243,0.200000,0.000000;v1,4278199381,4286611584,128.000000,1.000000,0.000000,1.000000,400,0,49152;;134;2;of;Arial Narrow Bold;0.721504,0.741646,0.200000,0.000000;v1,4278199381,4286611584,128.000000,1.000000,0.000000,1.000000,400,0,49152;;137;5;China;Arial Narrow Bold;0.784419,0.741646,0.200000,0.000000;v1,4278199381,4286611584,128.000000,1.000000,0.000000,1.000000,400,0,49152;;
textactive=1
